[gd_scene load_steps=7 format=3 uid="uid://2df7eofiqpkx"]

[ext_resource type="PackedScene" uid="uid://bu4wye7x6eoel" path="res://components/first_person/FirstPersonController.tscn" id="1_72rvj"]

[sub_resource type="ProceduralSkyMaterial" id="ProceduralSkyMaterial_vv2x2"]
sky_horizon_color = Color(0.64625, 0.65575, 0.67075, 1)
ground_horizon_color = Color(0.64625, 0.65575, 0.67075, 1)

[sub_resource type="Sky" id="Sky_8y8i5"]
sky_material = SubResource("ProceduralSkyMaterial_vv2x2")

[sub_resource type="Environment" id="Environment_e0feo"]
background_mode = 2
sky = SubResource("Sky_8y8i5")
tonemap_mode = 2
glow_enabled = true

[sub_resource type="StandardMaterial3D" id="StandardMaterial3D_lbybo"]
albedo_color = Color(0.0383972, 0.0383972, 0.0383972, 1)

[sub_resource type="StandardMaterial3D" id="StandardMaterial3D_84v6g"]
albedo_color = Color(1, 1, 0.34902, 1)

[node name="TestLevel" type="Node3D"]

[node name="WorldEnvironment" type="WorldEnvironment" parent="."]
environment = SubResource("Environment_e0feo")

[node name="DirectionalLight3D" type="DirectionalLight3D" parent="."]
transform = Transform3D(-0.866023, -0.433016, 0.250001, 0, 0.499998, 0.866027, -0.500003, 0.749999, -0.43301, 0, 0, 0)
shadow_enabled = true

[node name="FirstPersonController" parent="." instance=ExtResource("1_72rvj")]
transform = Transform3D(-0.0354495, -0.000233869, -0.999371, 0.000525319, 1, -0.000252654, 0.999371, -0.000533947, -0.0354494, 0, 0.502634, -3.28627)

[node name="CSGBox3D" type="CSGBox3D" parent="."]
transform = Transform3D(1, 0, 0, 0, 1, 0, 0, 0, 1, 15.9318, 0, -14.3109)
use_collision = true
size = Vector3(107.284, 1, 93.6624)
material = SubResource("StandardMaterial3D_lbybo")

[node name="CSGBox3D2" type="CSGBox3D" parent="."]
transform = Transform3D(1, 0, 0, 0, 1, 0, 0, 0, 1, 1.28983, 1.53618, -8.09855)
use_collision = true
size = Vector3(3.57965, 0.320679, 2.98901)
material = SubResource("StandardMaterial3D_84v6g")

[node name="CSGBox3D3" type="CSGBox3D" parent="."]
transform = Transform3D(1, 0, 0, 0, 1, 0, 0, 0, 1, -2.44505, 2.01502, -8.09855)
use_collision = true
size = Vector3(3.57965, 0.320679, 2.98901)
material = SubResource("StandardMaterial3D_84v6g")

[node name="CSGBox3D4" type="CSGBox3D" parent="."]
transform = Transform3D(1, 0, 0, 0, 1, 0, 0, 0, 1, 12.6554, 1.5434, -1.0394)
use_collision = true
size = Vector3(5.84839, 4.08679, 9.74457)

[node name="CSGBox3D5" type="CSGBox3D" parent="CSGBox3D4"]
transform = Transform3D(1, 0, 0, 0, 1, 0, 0, 0, 1, -0.0125427, 0.0329285, 0.0680885)
operation = 2
size = Vector3(5.31085, 4.15265, 9.23882)

[node name="CSGBox3D" type="CSGBox3D" parent="CSGBox3D4"]
transform = Transform3D(1, 0, 0, 0, 1, 0, 0, 0, 1, -2.81814, 0.0849323, -0.0350037)
operation = 2
size = Vector3(0.439514, 2.41166, 1.57172)

[node name="CSGBox3D2" type="CSGBox3D" parent="CSGBox3D4"]
transform = Transform3D(-4.37114e-08, 0, -1, 0, 1, 0, 1, 0, -4.37114e-08, -0.280289, 0.0849323, -4.69614)
operation = 2
size = Vector3(0.439514, 2.41166, 1.57172)

[node name="CSGBox3D5" type="CSGBox3D" parent="."]
transform = Transform3D(-0.0813122, 0, 0.996689, 0, 1, 0, -0.996689, 0, -0.0813122, 12.1689, 1.5434, -8.77196)
use_collision = true
size = Vector3(5.84839, 4.08679, 9.74457)

[node name="CSGBox3D5" type="CSGBox3D" parent="CSGBox3D5"]
transform = Transform3D(1, 0, 0, 0, 1, 0, 0, 0, 1, -0.0125427, 0.0329285, 0.0680885)
operation = 2
size = Vector3(5.31085, 4.15265, 9.23882)

[node name="CSGBox3D" type="CSGBox3D" parent="CSGBox3D5"]
transform = Transform3D(1, 0, 0, 0, 1, 0, 0, 0, 1, -2.81814, 0.0849323, -0.0350037)
operation = 2
size = Vector3(0.439514, 2.41166, 1.57172)

[node name="CSGBox3D2" type="CSGBox3D" parent="CSGBox3D5"]
transform = Transform3D(-4.37114e-08, 0, -1, 0, 1, 0, 1, 0, -4.37114e-08, -0.280289, 0.0849323, -4.69614)
operation = 2
size = Vector3(0.439514, 2.41166, 1.57172)
