[gd_scene load_steps=18 format=3 uid="uid://2df7eofiqpkx"]

[ext_resource type="PackedScene" uid="uid://bu4wye7x6eoel" path="res://components/first_person/FirstPersonController.tscn" id="1_uhobs"]
[ext_resource type="Script" path="res://components/first_person/point_n_click/PointAndClickMovement.cs" id="2_py680"]
[ext_resource type="Script" path="res://components/first_person/point_n_click/PointAndClickObjectScanner.cs" id="4_gi2vb"]
[ext_resource type="Script" path="res://components/interaction/3D/Interactable3D.cs" id="4_s6iyf"]
[ext_resource type="Script" path="res://components/first_person/point_n_click/PointAndClickCameraShifter.cs" id="5_5terb"]

[sub_resource type="ProceduralSkyMaterial" id="ProceduralSkyMaterial_vv2x2"]
sky_horizon_color = Color(0.64625, 0.65575, 0.67075, 1)
ground_horizon_color = Color(0.64625, 0.65575, 0.67075, 1)

[sub_resource type="Sky" id="Sky_8y8i5"]
sky_material = SubResource("ProceduralSkyMaterial_vv2x2")

[sub_resource type="Environment" id="Environment_e0feo"]
background_mode = 2
sky = SubResource("Sky_8y8i5")
tonemap_mode = 2
glow_enabled = true

[sub_resource type="StandardMaterial3D" id="StandardMaterial3D_lbybo"]
albedo_color = Color(0.0383972, 0.0383972, 0.0383972, 1)

[sub_resource type="StandardMaterial3D" id="StandardMaterial3D_84v6g"]
albedo_color = Color(1, 1, 0.34902, 1)

[sub_resource type="SphereShape3D" id="SphereShape3D_uc0uk"]
radius = 0.726515

[sub_resource type="BoxShape3D" id="BoxShape3D_08lvj"]

[sub_resource type="StandardMaterial3D" id="StandardMaterial3D_hdri0"]
albedo_color = Color(1, 1, 0.368627, 1)

[sub_resource type="BoxMesh" id="BoxMesh_1ao1g"]
material = SubResource("StandardMaterial3D_hdri0")
size = Vector3(0.2, 0.2, 0.2)

[sub_resource type="BoxShape3D" id="BoxShape3D_vyi3v"]
size = Vector3(0.5, 0.5, 0.5)

[sub_resource type="SphereShape3D" id="SphereShape3D_8lo4i"]
radius = 0.819787

[sub_resource type="SphereShape3D" id="SphereShape3D_ewsfj"]
radius = 2.16232

[node name="TestLevel" type="Node3D"]

[node name="WorldEnvironment" type="WorldEnvironment" parent="."]
environment = SubResource("Environment_e0feo")

[node name="DirectionalLight3D" type="DirectionalLight3D" parent="."]
transform = Transform3D(-0.866023, -0.433016, 0.250001, 0, 0.499998, 0.866027, -0.500003, 0.749999, -0.43301, 0, 0, 0)
shadow_enabled = true

[node name="CSGBox3D" type="CSGBox3D" parent="."]
transform = Transform3D(1, 0, 0, 0, 1, 0, 0, 0, 1, 15.9318, 0, -14.3109)
use_collision = true
size = Vector3(107.284, 1, 93.6624)
material = SubResource("StandardMaterial3D_lbybo")

[node name="CSGBox3D2" type="CSGBox3D" parent="."]
transform = Transform3D(1, 0, 0, 0, 1, 0, 0, 0, 1, 1.28983, 1.53618, -8.09855)
use_collision = true
size = Vector3(3.57965, 0.320679, 2.98901)
material = SubResource("StandardMaterial3D_84v6g")

[node name="CSGBox3D6" type="CSGBox3D" parent="."]
transform = Transform3D(1, 0, 0, 0, 0.122337, -0.992489, 0, 0.992489, 0.122337, 5.21691, 4.9194, -9.60015)
use_collision = true
size = Vector3(3.57965, 0.320679, 2.98901)
material = SubResource("StandardMaterial3D_84v6g")

[node name="CSGBox3D3" type="CSGBox3D" parent="."]
transform = Transform3D(1, 0, 0, 0, 1, 0, 0, 0, 1, -2.44505, 2.01502, -8.09855)
use_collision = true
size = Vector3(3.57965, 0.320679, 2.98901)
material = SubResource("StandardMaterial3D_84v6g")

[node name="CSGBox3D4" type="CSGBox3D" parent="."]
transform = Transform3D(1, 0, 0, 0, 1, 0, 0, 0, 1, 12.6554, 1.5434, -1.0394)
use_collision = true
size = Vector3(5.84839, 4.08679, 9.74457)

[node name="CSGBox3D5" type="CSGBox3D" parent="CSGBox3D4"]
transform = Transform3D(1, 0, 0, 0, 1, 0, 0, 0, 1, -0.0125427, 0.0329285, 0.0680885)
operation = 2
size = Vector3(5.31085, 4.15265, 9.23882)

[node name="CSGBox3D" type="CSGBox3D" parent="CSGBox3D4"]
transform = Transform3D(1, 0, 0, 0, 1, 0, 0, 0, 1, -2.81814, 0.0849323, -0.0350037)
operation = 2
size = Vector3(0.439514, 2.41166, 1.57172)

[node name="CSGBox3D2" type="CSGBox3D" parent="CSGBox3D4"]
transform = Transform3D(-4.37114e-08, 0, -1, 0, 1, 0, 1, 0, -4.37114e-08, -0.280289, 0.0849323, -4.69614)
operation = 2
size = Vector3(0.439514, 2.41166, 1.57172)

[node name="CSGBox3D5" type="CSGBox3D" parent="."]
transform = Transform3D(-0.0813122, 0, 0.996689, 0, 1, 0, -0.996689, 0, -0.0813122, 12.1689, 1.5434, -8.77196)
use_collision = true
size = Vector3(5.84839, 4.08679, 9.74457)

[node name="CSGBox3D5" type="CSGBox3D" parent="CSGBox3D5"]
transform = Transform3D(1, 0, 0, 0, 1, 0, 0, 0, 1, -0.0125427, 0.0329285, 0.0680885)
operation = 2
size = Vector3(5.31085, 4.15265, 9.23882)

[node name="CSGBox3D" type="CSGBox3D" parent="CSGBox3D5"]
transform = Transform3D(1, 0, 0, 0, 1, 0, 0, 0, 1, -2.81814, 0.0849323, -0.0350037)
operation = 2
size = Vector3(0.439514, 2.41166, 1.57172)

[node name="CSGBox3D2" type="CSGBox3D" parent="CSGBox3D5"]
transform = Transform3D(-4.37114e-08, 0, -1, 0, 1, 0, 1, 0, -4.37114e-08, -0.280289, 0.0849323, -4.69614)
operation = 2
size = Vector3(0.439514, 2.41166, 1.57172)

[node name="FirstPersonController" parent="." instance=ExtResource("1_uhobs")]
transform = Transform3D(1, 0, 0, 0, 1, 0, 0, 0, 1, 0, 1.0074, 0)

[node name="PointAndClickMovement" type="Node3D" parent="."]
transform = Transform3D(1, 0, 0, 0, 1, 0, 0, 0, 1, 9.45713, 1.71341, -1.29201)
script = ExtResource("2_py680")
InteractionId = &"door"

[node name="Interactable3D" type="Area3D" parent="PointAndClickMovement"]
transform = Transform3D(1, 0, 0, 0, 1, 0, 0, 0, 1, 0, 0, -0.0213311)
script = ExtResource("4_s6iyf")

[node name="CollisionShape3D" type="CollisionShape3D" parent="PointAndClickMovement/Interactable3D"]
transform = Transform3D(1, 0, 0, 0, 1, 0, 0, 0, 1, 0, 0, 0.472799)
shape = SubResource("SphereShape3D_uc0uk")

[node name="Marker3D" type="Marker3D" parent="PointAndClickMovement"]
transform = Transform3D(0.961574, 0, -0.274547, 0, 1, 0, 0.274547, 0, 0.961574, 0.0250006, 0, 0.242204)

[node name="PointAndClickMovement2" type="Node3D" parent="."]
transform = Transform3D(1, 0, 0, 0, 1, 0, 0, 0, 1, 12.3806, 1.50514, -5.68798)
script = ExtResource("2_py680")

[node name="Interactable3D" type="Area3D" parent="PointAndClickMovement2"]
script = ExtResource("4_s6iyf")

[node name="CollisionShape3D" type="CollisionShape3D" parent="PointAndClickMovement2/Interactable3D"]
shape = SubResource("BoxShape3D_08lvj")

[node name="Marker3D" type="Marker3D" parent="PointAndClickMovement2"]
transform = Transform3D(-0.903769, 0, 0.428021, 0, 1, 0, -0.428021, 0, -0.903769, 0, 0, 0.37039)

[node name="PointAndClickObjectScanner" type="Node3D" parent="." node_paths=PackedStringArray("TargetObjectToScan")]
transform = Transform3D(1, 0, 0, 0, 1, 0, 0, 0, 1, 7.55418, 0.96126, -0.370012)
script = ExtResource("4_gi2vb")
TargetObjectToScan = NodePath("MeshInstance3D")

[node name="MeshInstance3D" type="MeshInstance3D" parent="PointAndClickObjectScanner"]
transform = Transform3D(-0.307722, 0, -0.951476, 0, 1, 0, 0.951476, 0, -0.307722, 0, 0, 0)
layers = 4
mesh = SubResource("BoxMesh_1ao1g")

[node name="Interactable3D" type="Area3D" parent="PointAndClickObjectScanner"]
transform = Transform3D(1, 0, 0, 0, 1, 0, 0, 0, 1, 0, 0, -0.0766159)
script = ExtResource("4_s6iyf")
Title = "YELLOW_CUBE"
Description = "YELLOW_CUBE_INFORMATION"
Category = 2
Scannable = true

[node name="CollisionShape3D" type="CollisionShape3D" parent="PointAndClickObjectScanner/Interactable3D"]
transform = Transform3D(1, 0, 0, 0, 1, 0, 0, 0, 1, 0, 0, 0.0687865)
shape = SubResource("BoxShape3D_vyi3v")

[node name="PointAndClickCameraShifter" type="Node3D" parent="."]
transform = Transform3D(0.211153, 0.325964, -0.9215, -0.0728048, 0.945382, 0.31773, 0.974738, 0, 0.223352, 5.8335, 4.92005, -7.65028)
script = ExtResource("5_5terb")

[node name="Interactable3D" type="Area3D" parent="PointAndClickCameraShifter"]
script = ExtResource("4_s6iyf")

[node name="CollisionShape3D" type="CollisionShape3D" parent="PointAndClickCameraShifter/Interactable3D"]
shape = SubResource("SphereShape3D_8lo4i")

[node name="Camera3D" type="Camera3D" parent="PointAndClickCameraShifter"]
transform = Transform3D(1, -7.80372e-09, 2.98023e-08, 7.45058e-09, 1, -5.96046e-08, -2.98023e-08, 2.97214e-08, 1, 0.257096, 0.396888, -1.122)

[node name="PointAndClickCameraShifter2" type="Node3D" parent="."]
transform = Transform3D(-0.619327, 0, 0.785133, 0, 1, 0, -0.785133, 0, -0.619327, 15.5972, 2.87055, -9.7101)
script = ExtResource("5_5terb")

[node name="Camera3D" type="Camera3D" parent="PointAndClickCameraShifter2"]
transform = Transform3D(0.991882, 0.126745, 0.0102914, -0.126745, 0.978835, 0.160677, 0.0102915, -0.160677, 0.986953, 0, 0, 0)

[node name="Interactable3D" type="Area3D" parent="PointAndClickCameraShifter2"]
script = ExtResource("4_s6iyf")

[node name="CollisionShape3D" type="CollisionShape3D" parent="PointAndClickCameraShifter2/Interactable3D"]
shape = SubResource("SphereShape3D_ewsfj")
